  0 1.35
  1 1.30
  2 1.25
  3 1.19
  4 1.13
  5 1.10
  6 1.07
  7 1.12
  8 1.14
  9 1.16
 10 1.20
 11 1.25
 12 1.25
 13 1.25
 14 1.21
 15 1.21
 16 1.15
 17 1.13
 18 1.13
 19 1.15
 20 1.20
 21 1.25
 22 1.30
 23 1.33
 24 1.34
 25 1.33
 26 1.30
 27 1.25
 28 1.20
 29 1.15
 30 1.12
 31 1.13
 32 1.15
 33 1.17
 34 1.23
 35 1.25
 36 1.27
 37 1.30
 38 1.30
 39 1.28
 40 1.25
 41 1.23
 42 1.20
 43 1.20
 44 1.21
 45 1.25
 46 1.28
 47 1.32
 48 1.35
 49 1.35
 50 1.35
 51 1.30
 52 1.27
 53 1.24
 54 1.20
 55 1.18
 56 1.18
 57 1.20
 58 1.25
 59 1.27
 60 1.31
 61 1.35
 62 1.35
 63 1.35
 64 1.32
 65 1.30
 66 1.27
 67 1.25
 68 1.25
 69 1.26
 70 1.28
 71 1.30
 72 1.35
 73 1.36
 74 1.36
 75 1.35
 76 1.32
 77 1.29
 78 1.25
 79 1.24
 80 1.23
 81 1.24
 82 1.25
 83 1.30
 84 1.34
 85 1.37
 86 1.39
 87 1.27
 88 1.39
 89 1.38
 90 1.36
 91 1.35
 92 1.34
 93 1.29
 94 1.28
 95 1.29
 96 1.18
 97 1.20
 98 1.23
 99 1.23
100 1.22
101 1.20
102 1.20
103 1.18
104 1.15
105 1.15
106 1.15
107 1.16
108 1.18
109 1.21
110 1.25
111 1.27
112 1.29
113 1.29
114 1.27
115 1.25
116 1.20
117 1.17
118 1.14
119 1.14
120 1.18
121 1.19
122 1.20
123 1.23
124 1.23
125 1.22
126 1.20
127 1.20
128 1.18
129 1.15
130 1.15
131 1.15
132 1.16
133 1.18
134 1.21
135 1.25
136 1.27
137 1.29
138 1.29
139 1.27
140 1.25
141 1.20
142 1.17
143 1.14
144 1.12
145 1.12
146 1.14
147 1.15
148 1.16
149 1.20
150 1.21
151 1.22
152 1.20
153 1.17
154 1.15
155 1.14
156 1.14
157 1.15
158 1.17
159 1.20
160 1.24
161 1.27
162 1.27
163 1.26
164 1.25
165 1.23
166 1.18
167 1.15
168 1.10
169 1.07
170 1.07
171 1.07
172 1.11
173 1.15
174 1.19
175 1.20
176 1.20
177 1.18
178 1.15
179 1.10
180 1.09
181 1.09
182 1.10
183 1.15
184 1.18
185 1.21
186 1.25
187 1.25
188 1.25
189 1.20
190 1.17
191 1.10
192 1.05
193 1.00
194 1.00
195 1.00
196 1.04
197 1.07
198 1.12
199 1.15
200 1.16
201 1.15
202 1.12
203 1.07
204 1.05
205 1.03
206 1.03
207 1.05
208 1.10
209 1.14
210 1.17
211 1.22
212 1.23
213 1.22
214 1.20
215 1.14
216 1.07
217 1.00
218 0.95
219 0.94
220 0.95
221 1.00
222 1.05
223 1.10
224 1.11
225 1.11
226 1.10
227 1.05
228 1.03
229 0.98
230 0.97
231 0.97
232 0.98
233 1.04
234 1.09
235 1.13
236 1.16
237 1.15
238 1.10
239 1.10
240 1.02
241 0.93
242 0.88
243 0.85
244 0.85
245 0.88
246 0.93
247 0.98
248 1.03
249 1.05
250 1.05
251 1.01
252 0.98
253 0.93
254 0.90
255 0.88
256 0.90
257 0.93
258 1.00
259 1.05
260 1.10
261 1.12
262 1.11
263 1.05
264 1.04
265 0.95
266 0.85
267 0.82
268 0.81
269 0.83
270 0.90
271 0.95
272 0.97
273 1.03
274 1.05
275 1.04
276 1.00
277 0.97
278 0.92
279 0.88
280 0.86
281 0.90
282 0.95
283 1.00
284 1.05
285 1.10
286 1.14
287 1.13
288 1.10
289 1.03
290 0.96
291 0.90
292 0.85
293 0.85
294 0.86
295 0.91
296 0.97
297 1.03
298 1.05
299 1.06
300 1.05
301 1.00
302 0.97
303 0.91
304 0.90
305 0.90
306 0.93
307 0.99
308 1.05
309 1.10
310 1.11
311 1.13
312 1.10
313 1.05
314 1.00
315 1.03
316 0.88
317 0.85
318 0.87
319 0.92
320 0.98
321 1.00
322 1.05
323 1.07
324 1.07
325 1.05
326 1.00
327 0.96
328 0.92
329 0.91
330 0.94
331 0.97
332 1.05
333 1.10
334 1.13
335 1.14
336 1.13
337 1.10
338 1.15
339 0.98
340 0.93
341 0.91
342 0.91
343 0.95
344 0.96
345 1.01
346 1.07
347 1.10
348 1.11
349 1.11
350 1.09
351 1.05
352 1.00
353 0.96
354 0.97
355 0.98
356 1.03
357 1.08
358 1.11
359 1.14
360 1.15
361 1.14
362 1.10
363 1.05
364 1.00
365 0.97
366 0.96
367 0.96
368 0.97
369 1.04
370 1.07
371 1.10
372 1.12
373 1.13
374 1.11
375 1.09
376 1.05
377 1.01
378 1.00
379 1.00
380 1.02
381 1.06
382 1.10
383 1.13
384 1.15
385 1.14
386 1.12
387 1.08
388 1.03
389 1.00
390 0.98
391 0.96
392 1.00
393 1.03
394 1.07
395 1.09
396 1.12
397 1.12
398 1.11
399 1.09
400 1.05
401 1.01
402 1.00
403 0.97
404 1.00
405 1.03
406 1.05
407 1.07
408 1.07
409 1.07
410 1.05
411 1.03
412 1.00
413 0.96
414 0.94
415 0.93
416 0.93
417 0.95
418 0.97
419 1.00
420 1.03
421 1.05
422 1.04
423 1.02
424 1.00
425 0.97
426 0.95
427 0.94
428 0.95
429 0.96
430 0.97
431 1.00
432 1.00
433 1.00
434 0.98
435 0.97
436 0.96
437 0.96
438 0.95
439 0.95
440 0.95
441 0.97
442 0.96
443 1.00
444 1.04
445 1.05
446 1.06
447 1.05
448 1.05
449 1.03
450 1.05
451 1.05
452 1.05
453 1.05
454 1.05
455 1.05
456 1.05
457 1.05
458 1.05
459 1.04
460 1.03
461 1.05
462 1.03
463 1.05
464 1.05
465 1.05
466 1.05
467 1.05
468 1.08
469 1.10
470 1.16
471 1.18
472 1.18
473 1.18
474 1.20
475 1.20
476 1.19
477 1.16
478 1.15
479 1.10
480 1.10
481 1.01
482 1.10
483 1.07
484 1.10
485 1.06
486 1.10
487 1.10
488 1.09
489 1.09
490 1.05
491 1.06
492 1.05
493 1.07
494 1.08
495 1.10
496 1.10
497 1.10
498 1.10
499 1.10
500 1.09
501 1.07
502 1.03
503 1.00
504 0.97
505 1.00
506 1.00
507 1.00
508 1.00
509 1.00
510 1.03
511 1.05
512 1.04
513 1.07
514 1.00
515 1.00
516 0.99
517 0.98
518 1.00
519 1.03
520 1.05
521 1.07
522 1.10
523 1.10
524 1.10
525 1.07
526 1.04
527 1.00
528 0.95
529 0.90
530 0.90
531 0.91
532 0.93
533 0.95
534 0.96
535 0.98
536 0.99
537 0.98
538 0.95
539 0.95
540 0.91
541 0.92
542 0.92
543 0.93
544 0.95
545 0.98
546 1.01
547 1.04
548 1.07
549 1.03
550 1.00
551 0.95
552 0.90
553 0.87
554 0.85
555 0.85
556 0.85
557 0.90
558 0.93
559 0.96
560 0.98
561 0.98
562 0.96
563 0.94
564 0.90
565 0.88
566 0.87
567 0.90
568 0.93
569 0.95
570 1.00
571 1.05
572 1.05
573 1.05
574 1.04
575 1.00
576 0.95
577 0.90
578 0.85
579 0.83
580 0.83
581 0.85
582 0.90
583 0.95
584 0.97
585 1.00
586 1.00
587 0.97
588 0.95
589 0.90
590 0.88
591 0.87
592 0.89
593 0.94
594 0.97
595 1.05
596 1.08
597 1.10
598 1.08
599 1.06
600 1.00
601 0.95
602 0.88
603 0.85
604 0.85
605 0.87
606 0.97
607 1.00
608 1.04
609 1.07
610 1.07
611 1.05
612 1.00
613 0.95
614 0.90
615 0.90
616 0.90
617 0.95
618 1.00
619 1.08
620 1.15
621 1.20
622 1.19
623 1.15
624 1.10
625 1.05
626 1.00
627 0.92
628 0.90
629 0.90
630 0.96
631 1.03
632 1.07
633 1.12
634 1.14
635 1.10
636 1.10
637 1.05
638 1.05
639 0.96
640 0.95
641 0.97
642 1.03
643 1.08
644 1.15
645 1.20
646 1.21
647 1.20
648 1.15
649 1.08
650 1.00
651 0.95
652 0.90
653 0.92
654 0.95
655 1.00
656 1.05
657 1.10
658 1.12
659 1.13
660 1.10
661 1.05
662 1.00
663 0.95
664 0.92
665 0.93
666 0.95
667 1.00
668 1.10
669 1.16
670 1.19
671 1.16
672 1.13
673 1.07
674 1.00
675 0.90
676 0.87
677 0.87
678 0.92
679 0.95
680 1.00
681 1.05
682 1.07
683 1.08
684 1.08
685 1.05
686 1.03
687 0.98
688 0.94
689 0.92
690 0.94
691 0.95
692 1.00
693 1.10
694 1.15
695 1.20
696 1.20
697 1.15
698 1.10
699 1.02
700 0.96
701 0.93
702 0.95
703 0.97
704 1.00
705 1.07
706 1.11
707 1.16
708 1.16
709 1.15
710 1.12
711 1.08
712 1.05
713 1.01
714 1.02
715 1.05
716 1.01
717 1.02
718 1.05
719 1.10
720 1.26
721 1.25
722 1.25
723 1.15
724 1.10
725 1.05
726 1.07
727 1.12
728 1.18
729 1.24
730 1.27
731 1.28
732 1.27
733 1.26
734 1.25
735 1.20
736 1.15
737 1.12
738 1.10
739 1.10
740 1.15
741 1.20
742 1.25
743 1.27
